time = 18.65247309705195
height = 3402.236046092296
